2022-04-12 16:17:59,341 - utils.py[line:81] - INFO: program start
2022-04-12 16:18:08,177 - Align_Pcd_only_use_2D_feature.py[line:230] - INFO: ============== frame 0000 and 0001 ==============
2022-04-12 16:18:08,178 - Align_Pcd_only_use_2D_feature.py[line:231] - INFO: prefix:0000
2022-04-12 16:18:08,178 - Align_Pcd_only_use_2D_feature.py[line:232] - INFO: pose1:
{'rotation': array([[-0.16667056,  0.04015146, -0.9851948 ],
       [-0.74127175,  0.6537564 ,  0.15204856],
       [ 0.65018237,  0.75563909, -0.0791988 ]]), 'scale': 0.5361425747050559, 'translation': array([[ 0.2758008 ],
       [ 0.10588043],
       [-1.07568484]])}
2022-04-12 16:18:08,178 - Align_Pcd_only_use_2D_feature.py[line:233] - INFO: prefix:0001
2022-04-12 16:18:08,179 - Align_Pcd_only_use_2D_feature.py[line:234] - INFO: pose2:
{'rotation': array([[-0.17399026,  0.04233218, -0.98383707],
       [-0.74818934,  0.64389888,  0.16002172],
       [ 0.64026565,  0.76393862, -0.08035964]]), 'scale': 0.5350233958950239, 'translation': array([[ 0.26647576],
       [ 0.09219847],
       [-1.07518555]])}
2022-04-12 16:18:08,179 - Align_Pcd_only_use_2D_feature.py[line:235] - INFO: pose_12:
{'rotation': array([[ 0.99788251,  0.00704326, -0.00321211],
       [-0.00708314,  0.99780846, -0.01255163],
       [ 0.00312318,  0.01257405,  0.99782843]]), 'scale': 1.0, 'translation': array([[-0.01294199],
       [-0.02499799],
       [-0.00402936]])}
2022-04-12 16:18:08,179 - Align_Pcd_only_use_2D_feature.py[line:236] - INFO: pose_sift:
{'rotation': array([[ 0.99965406, -0.00959622,  0.02448834],
       [ 0.01010855,  0.9997308 , -0.02088406],
       [-0.02428134,  0.02112438,  0.99948195]]), 'scale': 1.0001558055529027, 'translation': array([[ 0.02213133],
       [-0.03678151],
       [ 0.00121705]])}
2022-04-12 16:18:08,180 - Align_Pcd_only_use_2D_feature.py[line:237] - INFO: SIFT match Error:
{'translation': array([0.03736997]), 'scale': 1.0001558055529027, 'rotation': 0.08860351977184965}
