2022-04-12 16:19:52,694 - utils.py[line:81] - INFO: program start
2022-04-12 16:19:55,000 - Align_Pcd_only_use_2D_feature.py[line:231] - INFO: ============== frame 0000 and 0001 ==============
2022-04-12 16:19:55,000 - Align_Pcd_only_use_2D_feature.py[line:232] - INFO: prefix:0000
2022-04-12 16:19:55,001 - Align_Pcd_only_use_2D_feature.py[line:233] - INFO: pose1:
{'rotation': array([[-0.18745046,  0.02243066, -0.98201792],
       [-0.75771755,  0.63289336,  0.15909152],
       [ 0.62508115,  0.77391398, -0.10164005]]), 'scale': 0.5325483130915641, 'translation': array([[ 0.2716677 ],
       [ 0.1027204 ],
       [-1.07323945]])}
2022-04-12 16:19:55,002 - Align_Pcd_only_use_2D_feature.py[line:234] - INFO: prefix:0001
2022-04-12 16:19:55,002 - Align_Pcd_only_use_2D_feature.py[line:235] - INFO: pose2:
{'rotation': array([[-0.16253363,  0.04563869, -0.98564696],
       [-0.73368496,  0.66234995,  0.15165396],
       [ 0.6597645 ,  0.74780322, -0.07416972]]), 'scale': 0.5332581244069708, 'translation': array([[ 0.26846836],
       [ 0.09522864],
       [-1.07776227]])}
2022-04-12 16:19:55,002 - Align_Pcd_only_use_2D_feature.py[line:236] - INFO: pose_12:
{'rotation': array([[ 1.00074576, -0.00477542,  0.0339501 ],
       [ 0.00346424,  1.00058157,  0.03862654],
       [-0.03410884, -0.03848644,  1.00001144]]), 'scale': 1.0, 'translation': array([[0.03352519],
       [0.03296291],
       [0.00870907]])}
2022-04-12 16:19:55,003 - Align_Pcd_only_use_2D_feature.py[line:237] - INFO: pose_sift:
{'rotation': array([[ 9.99988001e-01, -4.88123707e-03,  4.12841959e-04],
       [ 4.88121691e-03,  9.99988086e-01,  4.98370479e-05],
       [-4.13080306e-04, -4.78212788e-05,  9.99999914e-01]]), 'scale': 0.9995454106911726, 'translation': array([[-0.00566872],
       [-0.01064128],
       [-0.00436572]])}
2022-04-12 16:19:55,003 - Align_Pcd_only_use_2D_feature.py[line:238] - INFO: SIFT match Error:
{'translation': array([0.06007028]), 'scale': 0.9995454106911726, 'rotation': 0.0}
