2022-04-12 16:21:47,586 - utils.py[line:81] - INFO: program start
2022-04-12 16:21:50,652 - Align_Pcd_only_use_2D_feature.py[line:231] - INFO: ============== frame 0000 and 0001 ==============
2022-04-12 16:21:50,652 - Align_Pcd_only_use_2D_feature.py[line:232] - INFO: prefix:0000
2022-04-12 16:21:50,653 - Align_Pcd_only_use_2D_feature.py[line:233] - INFO: pose1:
{'rotation': array([[-0.15465172,  0.04903576, -0.98675141],
       [-0.7548182 ,  0.63854485,  0.15003319],
       [ 0.63744203,  0.76802081, -0.06173898]]), 'scale': 0.5321860032246838, 'translation': array([[ 0.27635878],
       [ 0.10413669],
       [-1.07426324]])}
2022-04-12 16:21:50,654 - Align_Pcd_only_use_2D_feature.py[line:234] - INFO: prefix:0001
2022-04-12 16:21:50,654 - Align_Pcd_only_use_2D_feature.py[line:235] - INFO: pose2:
{'rotation': array([[-0.1698753 ,  0.03870975, -0.984705  ],
       [-0.75403768,  0.6382389 ,  0.1551718 ],
       [ 0.63448369,  0.76886453, -0.07923241]]), 'scale': 0.5316323817819135, 'translation': array([[ 0.26665911],
       [ 0.09221704],
       [-1.07598864]])}
2022-04-12 16:21:50,655 - Align_Pcd_only_use_2D_feature.py[line:236] - INFO: pose_12:
{'rotation': array([[ 9.98788614e-01,  5.19903065e-03, -1.77426017e-02],
       [-5.20082158e-03,  9.98946182e-01, -5.46458748e-05],
       [ 1.77420768e-02,  1.47008713e-04,  9.98802144e-01]]), 'scale': 1.0, 'translation': array([[-0.02896652],
       [-0.01043132],
       [-0.0079307 ]])}
2022-04-12 16:21:50,655 - Align_Pcd_only_use_2D_feature.py[line:237] - INFO: pose_sift:
{'rotation': array([[ 0.99999744, -0.00105454,  0.00200067],
       [ 0.00105048,  0.99999739,  0.0020307 ],
       [-0.00200281, -0.0020286 ,  0.99999594]]), 'scale': 1.002863259785203, 'translation': array([[-0.00494264],
       [-0.00738428],
       [-0.00017985]])}
2022-04-12 16:21:50,655 - Align_Pcd_only_use_2D_feature.py[line:238] - INFO: SIFT match Error:
{'translation': array([0.0254265]), 'scale': 1.002863259785203, 'rotation': 0.05823104648678459}
