2022-04-12 16:25:33,706 - utils.py[line:81] - INFO: program start
2022-04-12 16:25:36,030 - Align_Pcd_only_use_2D_feature.py[line:231] - INFO: ============== frame 0000 and 0001 ==============
2022-04-12 16:25:36,030 - Align_Pcd_only_use_2D_feature.py[line:232] - INFO: prefix:0000
2022-04-12 16:25:36,030 - Align_Pcd_only_use_2D_feature.py[line:233] - INFO: pose1:
{'rotation': array([[-0.18508118,  0.0243058 , -0.98242261],
       [-0.76578253,  0.62296014,  0.15968024],
       [ 0.61589129,  0.78187588, -0.09668524]]), 'scale': 0.5322917786765782, 'translation': array([[ 0.27197226],
       [ 0.10212935],
       [-1.07341241]])}
2022-04-12 16:25:36,030 - Align_Pcd_only_use_2D_feature.py[line:234] - INFO: prefix:0001
2022-04-12 16:25:36,031 - Align_Pcd_only_use_2D_feature.py[line:235] - INFO: pose2:
{'rotation': array([[-0.16389437,  0.04322961, -0.98553023],
       [-0.73476833,  0.66125238,  0.15119787],
       [ 0.65822043,  0.74891688, -0.0766118 ]]), 'scale': 0.530892356678831, 'translation': array([[ 0.26823513],
       [ 0.09430232],
       [-1.07658889]])}
2022-04-12 16:25:36,031 - Align_Pcd_only_use_2D_feature.py[line:236] - INFO: pose_12:
{'rotation': array([[ 0.9969637 , -0.00491897,  0.0280713 ],
       [ 0.00351458,  0.99612417,  0.04973018],
       [-0.02828148, -0.04961096,  0.99573476]]), 'scale': 1.0, 'translation': array([[0.02772312],
       [0.04499392],
       [0.00500368]])}
2022-04-12 16:25:36,031 - Align_Pcd_only_use_2D_feature.py[line:237] - INFO: pose_sift:
{'rotation': array([[ 0.9998434 , -0.00597186,  0.01665856],
       [ 0.0060533 ,  0.99996995, -0.00484288],
       [-0.01662914,  0.00494296,  0.99984951]]), 'scale': 1.0029047806675015, 'translation': array([[ 0.01072569],
       [-0.01683921],
       [ 0.00508012]])}
2022-04-12 16:25:36,032 - Align_Pcd_only_use_2D_feature.py[line:238] - INFO: SIFT match Error:
{'translation': array([0.06412687]), 'scale': 1.0029047806675015, 'rotation': 0.10967196686705821}
2022-04-12 16:25:36,034 - Align_Pcd_only_use_2D_feature.py[line:290] - INFO: match img 0000, 0001
2022-04-12 16:25:36,034 - Align_Pcd_only_use_2D_feature.py[line:291] - INFO: Error
2022-04-12 16:25:36,034 - Align_Pcd_only_use_2D_feature.py[line:292] - INFO: s:1.0029047806675015
2022-04-12 16:25:36,034 - Align_Pcd_only_use_2D_feature.py[line:293] - INFO: R:0.10967196686705821
2022-04-12 16:25:36,034 - Align_Pcd_only_use_2D_feature.py[line:294] - INFO: t:[0.06412687]
2022-04-12 16:25:38,440 - Align_Pcd_only_use_2D_feature.py[line:231] - INFO: ============== frame 0001 and 0002 ==============
2022-04-12 16:25:38,441 - Align_Pcd_only_use_2D_feature.py[line:232] - INFO: prefix:0001
2022-04-12 16:25:38,441 - Align_Pcd_only_use_2D_feature.py[line:233] - INFO: pose1:
{'rotation': array([[-0.15894233,  0.05073684, -0.98598332],
       [-0.74105787,  0.65375331,  0.1531008 ],
       [ 0.65235771,  0.75500489, -0.06631013]]), 'scale': 0.5330158123692139, 'translation': array([[ 0.26893886],
       [ 0.09456401],
       [-1.07744109]])}
2022-04-12 16:25:38,441 - Align_Pcd_only_use_2D_feature.py[line:234] - INFO: prefix:0002
2022-04-12 16:25:38,441 - Align_Pcd_only_use_2D_feature.py[line:235] - INFO: pose2:
{'rotation': array([[-0.15446857,  0.06025374, -0.98615868],
       [-0.73346022,  0.66174922,  0.15531924],
       [ 0.66194831,  0.74730011, -0.05802574]]), 'scale': 0.5333996406207652, 'translation': array([[ 0.26773967],
       [ 0.0963797 ],
       [-1.07785422]])}
2022-04-12 16:25:38,442 - Align_Pcd_only_use_2D_feature.py[line:236] - INFO: pose_12:
{'rotation': array([[ 1.00066476,  0.00288162,  0.0101227 ],
       [-0.00299139,  1.00065677,  0.01085404],
       [-0.01009081, -0.0108837 ,  1.00061004]]), 'scale': 1.0, 'translation': array([[0.00925615],
       [0.01425268],
       [0.00398717]])}
2022-04-12 16:25:38,442 - Align_Pcd_only_use_2D_feature.py[line:237] - INFO: pose_sift:
{'rotation': array([[ 9.99999977e-01, -1.57484161e-04,  1.43530718e-04],
       [ 1.57551354e-04,  9.99999878e-01, -4.68248450e-04],
       [-1.43456959e-04,  4.68271053e-04,  9.99999880e-01]]), 'scale': 1.000321447906429, 'translation': array([[-0.00179568],
       [ 0.00129439],
       [ 0.0003892 ]])}
2022-04-12 16:25:38,442 - Align_Pcd_only_use_2D_feature.py[line:238] - INFO: SIFT match Error:
{'translation': array([0.01740706]), 'scale': 1.000321447906429, 'rotation': 0.0}
2022-04-12 16:25:38,444 - Align_Pcd_only_use_2D_feature.py[line:290] - INFO: match img 0001, 0002
2022-04-12 16:25:38,444 - Align_Pcd_only_use_2D_feature.py[line:291] - INFO: Error
2022-04-12 16:25:38,445 - Align_Pcd_only_use_2D_feature.py[line:292] - INFO: s:1.000321447906429
2022-04-12 16:25:38,445 - Align_Pcd_only_use_2D_feature.py[line:293] - INFO: R:0.0
2022-04-12 16:25:38,445 - Align_Pcd_only_use_2D_feature.py[line:294] - INFO: t:[0.01740706]
2022-04-12 16:25:40,806 - Align_Pcd_only_use_2D_feature.py[line:231] - INFO: ============== frame 0002 and 0003 ==============
2022-04-12 16:25:40,806 - Align_Pcd_only_use_2D_feature.py[line:232] - INFO: prefix:0002
2022-04-12 16:25:40,807 - Align_Pcd_only_use_2D_feature.py[line:233] - INFO: pose1:
{'rotation': array([[-0.16668814,  0.04517279, -0.98497436],
       [-0.74491369,  0.64871082,  0.15581356],
       [ 0.64600205,  0.75969316, -0.07448257]]), 'scale': 0.5299644010733668, 'translation': array([[ 0.26607377],
       [ 0.09549158],
       [-1.07597807]])}
2022-04-12 16:25:40,807 - Align_Pcd_only_use_2D_feature.py[line:234] - INFO: prefix:0003
2022-04-12 16:25:40,807 - Align_Pcd_only_use_2D_feature.py[line:235] - INFO: pose2:
{'rotation': array([[-0.17180107,  0.0489746 , -0.98391355],
       [-0.74215956,  0.65035995,  0.16196029],
       [ 0.6478299 ,  0.7580458 , -0.07538557]]), 'scale': 0.5364242567365776, 'translation': array([[ 0.26425992],
       [ 0.08779652],
       [-1.07761335]])}
2022-04-12 16:25:40,807 - Align_Pcd_only_use_2D_feature.py[line:236] - INFO: pose_12:
{'rotation': array([[ 1.01216811e+00,  6.51875408e-03, -4.99791756e-04],
       [-6.51744675e-03,  1.01216489e+00,  2.60556277e-03],
       [ 5.16560221e-04, -2.60229027e-03,  1.01218575e+00]]), 'scale': 1.0, 'translation': array([[-0.00621172],
       [-0.00431906],
       [ 0.01158737]])}
2022-04-12 16:25:40,807 - Align_Pcd_only_use_2D_feature.py[line:237] - INFO: pose_sift:
{'rotation': array([[ 0.99997153,  0.00674602,  0.00338174],
       [-0.00675738,  0.99997153,  0.00335895],
       [-0.00335899, -0.00338171,  0.99998864]]), 'scale': 1.0055485590005442, 'translation': array([[ 0.00132595],
       [-0.00115126],
       [ 0.00292216]])}
2022-04-12 16:25:40,808 - Align_Pcd_only_use_2D_feature.py[line:238] - INFO: SIFT match Error:
{'translation': array([0.01191374]), 'scale': 1.0055485590005442, 'rotation': 0.0}
2022-04-12 16:25:40,810 - Align_Pcd_only_use_2D_feature.py[line:290] - INFO: match img 0002, 0003
2022-04-12 16:25:40,810 - Align_Pcd_only_use_2D_feature.py[line:291] - INFO: Error
2022-04-12 16:25:40,810 - Align_Pcd_only_use_2D_feature.py[line:292] - INFO: s:1.0055485590005442
2022-04-12 16:25:40,810 - Align_Pcd_only_use_2D_feature.py[line:293] - INFO: R:0.0
2022-04-12 16:25:40,810 - Align_Pcd_only_use_2D_feature.py[line:294] - INFO: t:[0.01191374]
2022-04-12 16:25:43,155 - Align_Pcd_only_use_2D_feature.py[line:231] - INFO: ============== frame 0003 and 0004 ==============
2022-04-12 16:25:43,155 - Align_Pcd_only_use_2D_feature.py[line:232] - INFO: prefix:0003
2022-04-12 16:25:43,155 - Align_Pcd_only_use_2D_feature.py[line:233] - INFO: pose1:
{'rotation': array([[-0.15070724,  0.0678084 , -0.98625014],
       [-0.7353156 ,  0.65912674,  0.15767979],
       [ 0.66075585,  0.7489686 , -0.04947459]]), 'scale': 0.5313990356720694, 'translation': array([[ 0.26668248],
       [ 0.0894041 ],
       [-1.07763287]])}
2022-04-12 16:25:43,155 - Align_Pcd_only_use_2D_feature.py[line:234] - INFO: prefix:0004
2022-04-12 16:25:43,155 - Align_Pcd_only_use_2D_feature.py[line:235] - INFO: pose2:
{'rotation': array([[-0.15132347,  0.06687915, -0.98621924],
       [-0.72138249,  0.67463676,  0.15643706],
       [ 0.67580212,  0.73511389, -0.05384293]]), 'scale': 0.5344890513483328, 'translation': array([[ 0.26394606],
       [ 0.0867409 ],
       [-1.07760341]])}
2022-04-12 16:25:43,156 - Align_Pcd_only_use_2D_feature.py[line:236] - INFO: pose_12:
{'rotation': array([[ 1.00581424e+00, -1.55394146e-04, -1.11111462e-03],
       [ 1.78565308e-04,  1.00559548e+00,  2.10058241e-02],
       [ 1.10762696e-03, -2.10060082e-02,  1.00559488e+00]]), 'scale': 1.0, 'translation': array([[-0.00547045],
       [ 0.01942549],
       [ 0.00764133]])}
2022-04-12 16:25:43,156 - Align_Pcd_only_use_2D_feature.py[line:237] - INFO: pose_sift:
{'rotation': array([[ 0.99993934, -0.00410412,  0.01022123],
       [ 0.00407352,  0.99998717,  0.00301259],
       [-0.01023346, -0.00297077,  0.99994322]]), 'scale': 1.0006496648831977, 'translation': array([[ 0.00967083],
       [-0.00097158],
       [ 0.00217342]])}
2022-04-12 16:25:43,156 - Align_Pcd_only_use_2D_feature.py[line:238] - INFO: SIFT match Error:
{'translation': array([0.02598455]), 'scale': 1.0006496648831977, 'rotation': 0.0}
2022-04-12 16:25:43,159 - Align_Pcd_only_use_2D_feature.py[line:290] - INFO: match img 0003, 0004
2022-04-12 16:25:43,159 - Align_Pcd_only_use_2D_feature.py[line:291] - INFO: Error
2022-04-12 16:25:43,159 - Align_Pcd_only_use_2D_feature.py[line:292] - INFO: s:1.0006496648831977
2022-04-12 16:25:43,159 - Align_Pcd_only_use_2D_feature.py[line:293] - INFO: R:0.0
2022-04-12 16:25:43,159 - Align_Pcd_only_use_2D_feature.py[line:294] - INFO: t:[0.02598455]
2022-04-12 16:25:45,471 - Align_Pcd_only_use_2D_feature.py[line:231] - INFO: ============== frame 0004 and 0005 ==============
2022-04-12 16:25:45,471 - Align_Pcd_only_use_2D_feature.py[line:232] - INFO: prefix:0004
2022-04-12 16:25:45,472 - Align_Pcd_only_use_2D_feature.py[line:233] - INFO: pose1:
{'rotation': array([[-0.16003374,  0.05593669, -0.98552539],
       [-0.73528012,  0.65937078,  0.15682259],
       [ 0.65859878,  0.74973413, -0.06439244]]), 'scale': 0.5338362165063011, 'translation': array([[ 0.2629779 ],
       [ 0.08509214],
       [-1.0784444 ]])}
2022-04-12 16:25:45,472 - Align_Pcd_only_use_2D_feature.py[line:234] - INFO: prefix:0005
2022-04-12 16:25:45,472 - Align_Pcd_only_use_2D_feature.py[line:235] - INFO: pose2:
{'rotation': array([[-0.15549164,  0.0611587 , -0.98594217],
       [-0.72948927,  0.66588247,  0.15635196],
       [ 0.66608389,  0.74354566, -0.05892455]]), 'scale': 0.5336890058083921, 'translation': array([[ 0.26483293],
       [ 0.08803154],
       [-1.07995338]])}
2022-04-12 16:25:45,472 - Align_Pcd_only_use_2D_feature.py[line:236] - INFO: pose_12:
{'rotation': array([[ 9.99700210e-01,  3.81598704e-05,  6.93146148e-03],
       [-9.86459870e-05,  9.99686172e-01,  8.72377627e-03],
       [-6.93086454e-03, -8.72425053e-03,  9.99662146e-01]]), 'scale': 1.0, 'translation': array([[0.00940582],
       [0.01240015],
       [0.00069169]])}
2022-04-12 16:25:45,473 - Align_Pcd_only_use_2D_feature.py[line:237] - INFO: pose_sift:
{'rotation': array([[ 0.99992871,  0.00741302,  0.00936103],
       [-0.00736519,  0.9999597 , -0.00513429],
       [-0.00939871,  0.00506497,  0.999943  ]]), 'scale': 0.99647538109044, 'translation': array([[ 0.01155316],
       [-0.00122238],
       [-0.00037867]])}
2022-04-12 16:25:45,473 - Align_Pcd_only_use_2D_feature.py[line:238] - INFO: SIFT match Error:
{'translation': array([0.01383221]), 'scale': 0.99647538109044, 'rotation': 0.034090855949841486}
2022-04-12 16:25:45,475 - Align_Pcd_only_use_2D_feature.py[line:290] - INFO: match img 0004, 0005
2022-04-12 16:25:45,475 - Align_Pcd_only_use_2D_feature.py[line:291] - INFO: Error
2022-04-12 16:25:45,475 - Align_Pcd_only_use_2D_feature.py[line:292] - INFO: s:0.99647538109044
2022-04-12 16:25:45,475 - Align_Pcd_only_use_2D_feature.py[line:293] - INFO: R:0.034090855949841486
2022-04-12 16:25:45,475 - Align_Pcd_only_use_2D_feature.py[line:294] - INFO: t:[0.01383221]
2022-04-12 16:25:47,799 - Align_Pcd_only_use_2D_feature.py[line:231] - INFO: ============== frame 0005 and 0006 ==============
2022-04-12 16:25:47,799 - Align_Pcd_only_use_2D_feature.py[line:232] - INFO: prefix:0005
2022-04-12 16:25:47,799 - Align_Pcd_only_use_2D_feature.py[line:233] - INFO: pose1:
{'rotation': array([[-0.15578404,  0.05473252, -0.98627364],
       [-0.72968408,  0.66661944,  0.15224871],
       [ 0.66580213,  0.74338609, -0.06391122]]), 'scale': 0.532694247780111, 'translation': array([[ 0.2642566 ],
       [ 0.08788565],
       [-1.0767753 ]])}
2022-04-12 16:25:47,799 - Align_Pcd_only_use_2D_feature.py[line:234] - INFO: prefix:0006
2022-04-12 16:25:47,799 - Align_Pcd_only_use_2D_feature.py[line:235] - INFO: pose2:
{'rotation': array([[-0.16722189,  0.04996207, -0.98465254],
       [-0.73082595,  0.66407026,  0.15781041],
       [ 0.661763  ,  0.74599898, -0.07453351]]), 'scale': 0.5322410579287334, 'translation': array([[ 0.26720472],
       [ 0.08474645],
       [-1.07475571]])}
2022-04-12 16:25:47,800 - Align_Pcd_only_use_2D_feature.py[line:236] - INFO: pose_12:
{'rotation': array([[ 0.99907121,  0.00540815, -0.01125566],
       [-0.00544236,  0.9991299 , -0.00300818],
       [ 0.01123916,  0.00306925,  0.99908132]]), 'scale': 1.0, 'translation': array([[-0.00940155],
       [-0.00486368],
       [-0.00220939]])}
2022-04-12 16:25:47,800 - Align_Pcd_only_use_2D_feature.py[line:237] - INFO: pose_sift:
{'rotation': array([[ 9.99999847e-01,  3.66311275e-05,  5.51576757e-04],
       [-3.72988245e-05,  9.99999267e-01,  1.21056253e-03],
       [-5.51532008e-04, -1.21058291e-03,  9.99999115e-01]]), 'scale': 0.9986754478676287, 'translation': array([[ 0.00478247],
       [-0.00237128],
       [-0.0012903 ]])}
2022-04-12 16:25:47,800 - Align_Pcd_only_use_2D_feature.py[line:238] - INFO: SIFT match Error:
{'translation': array([0.01443063]), 'scale': 0.9986754478676287, 'rotation': 0.051967144118503596}
2022-04-12 16:25:47,802 - Align_Pcd_only_use_2D_feature.py[line:290] - INFO: match img 0005, 0006
2022-04-12 16:25:47,802 - Align_Pcd_only_use_2D_feature.py[line:291] - INFO: Error
2022-04-12 16:25:47,802 - Align_Pcd_only_use_2D_feature.py[line:292] - INFO: s:0.9986754478676287
2022-04-12 16:25:47,803 - Align_Pcd_only_use_2D_feature.py[line:293] - INFO: R:0.051967144118503596
2022-04-12 16:25:47,803 - Align_Pcd_only_use_2D_feature.py[line:294] - INFO: t:[0.01443063]
2022-04-12 16:25:50,189 - Align_Pcd_only_use_2D_feature.py[line:231] - INFO: ============== frame 0006 and 0007 ==============
2022-04-12 16:25:50,189 - Align_Pcd_only_use_2D_feature.py[line:232] - INFO: prefix:0006
2022-04-12 16:25:50,189 - Align_Pcd_only_use_2D_feature.py[line:233] - INFO: pose1:
{'rotation': array([[-0.16396214,  0.05026165, -0.98518536],
       [-0.73714279,  0.65743089,  0.15622144],
       [ 0.65554323,  0.75183668, -0.07074376]]), 'scale': 0.530362202650097, 'translation': array([[ 0.2681232 ],
       [ 0.08496125],
       [-1.07582018]])}
2022-04-12 16:25:50,189 - Align_Pcd_only_use_2D_feature.py[line:234] - INFO: prefix:0007
2022-04-12 16:25:50,190 - Align_Pcd_only_use_2D_feature.py[line:235] - INFO: pose2:
{'rotation': array([[-0.17122865,  0.04442509, -0.98422922],
       [-0.73567366,  0.6587176 ,  0.15771936],
       [ 0.65533581,  0.75107758, -0.08010896]]), 'scale': 0.5339779714848308, 'translation': array([[ 0.2688003 ],
       [ 0.08522142],
       [-1.07543175]])}
2022-04-12 16:25:50,190 - Align_Pcd_only_use_2D_feature.py[line:236] - INFO: pose_12:
{'rotation': array([[ 1.00677336,  0.00168007, -0.00928215],
       [-0.0016632 ,  1.0068145 ,  0.00183694],
       [ 0.00928518, -0.00182153,  1.00677308]]), 'scale': 1.0, 'translation': array([[-0.01126765],
       [ 0.00210336],
       [ 0.00534023]])}
2022-04-12 16:25:50,190 - Align_Pcd_only_use_2D_feature.py[line:237] - INFO: pose_sift:
{'rotation': array([[ 9.99974770e-01, -7.09520881e-03,  3.42052697e-04],
       [ 7.09436332e-03,  9.99971924e-01,  2.41271868e-03],
       [-3.59161836e-04, -2.41023116e-03,  9.99997031e-01]]), 'scale': 0.9975187600748636, 'translation': array([[ 0.00294502],
       [ 0.00182682],
       [-0.00263421]])}
2022-04-12 16:25:50,190 - Align_Pcd_only_use_2D_feature.py[line:238] - INFO: SIFT match Error:
{'translation': array([0.01629933]), 'scale': 0.9975187600748636, 'rotation': 0.0}
2022-04-12 16:25:50,193 - Align_Pcd_only_use_2D_feature.py[line:290] - INFO: match img 0006, 0007
2022-04-12 16:25:50,193 - Align_Pcd_only_use_2D_feature.py[line:291] - INFO: Error
2022-04-12 16:25:50,193 - Align_Pcd_only_use_2D_feature.py[line:292] - INFO: s:0.9975187600748636
2022-04-12 16:25:50,193 - Align_Pcd_only_use_2D_feature.py[line:293] - INFO: R:0.0
2022-04-12 16:25:50,193 - Align_Pcd_only_use_2D_feature.py[line:294] - INFO: t:[0.01629933]
2022-04-12 16:25:52,626 - Align_Pcd_only_use_2D_feature.py[line:231] - INFO: ============== frame 0007 and 0008 ==============
2022-04-12 16:25:52,626 - Align_Pcd_only_use_2D_feature.py[line:232] - INFO: prefix:0007
2022-04-12 16:25:52,627 - Align_Pcd_only_use_2D_feature.py[line:233] - INFO: pose1:
{'rotation': array([[-0.15380079,  0.05387965, -0.98663179],
       [-0.73944089,  0.65604707,  0.15109404],
       [ 0.65541779,  0.75279428, -0.06105974]]), 'scale': 0.5306426006813424, 'translation': array([[ 0.2707517 ],
       [ 0.08573514],
       [-1.07565513]])}
2022-04-12 16:25:52,627 - Align_Pcd_only_use_2D_feature.py[line:234] - INFO: prefix:0008
2022-04-12 16:25:52,627 - Align_Pcd_only_use_2D_feature.py[line:235] - INFO: pose2:
{'rotation': array([[-0.15968639,  0.06074928, -0.9852968 ],
       [-0.72726793,  0.66767477,  0.15903386],
       [ 0.667519  ,  0.7419703 , -0.06243757]]), 'scale': 0.5342049544313814, 'translation': array([[ 0.27592817],
       [ 0.08980809],
       [-1.07290863]])}
2022-04-12 16:25:52,628 - Align_Pcd_only_use_2D_feature.py[line:236] - INFO: pose_12:
{'rotation': array([[ 1.00667119,  0.00912139,  0.00124065],
       [-0.00914034,  1.00653891,  0.0163559 ],
       [-0.00109224, -0.01636648,  1.00657964]]), 'scale': 1.0, 'translation': array([[0.00392272],
       [0.02358041],
       [0.01152284]])}
2022-04-12 16:25:52,628 - Align_Pcd_only_use_2D_feature.py[line:237] - INFO: pose_sift:
{'rotation': array([[ 9.99999391e-01,  7.49983530e-04, -8.09060442e-04],
       [-7.51253385e-04,  9.99998485e-01, -1.57038255e-03],
       [ 8.07881455e-04,  1.57098940e-03,  9.99998440e-01]]), 'scale': 1.0005423213734703, 'translation': array([[0.0045106 ],
       [0.00219606],
       [0.00037012]])}
2022-04-12 16:25:52,628 - Align_Pcd_only_use_2D_feature.py[line:238] - INFO: SIFT match Error:
{'translation': array([0.02412507]), 'scale': 1.0005423213734703, 'rotation': 0.0}
2022-04-12 16:25:52,631 - Align_Pcd_only_use_2D_feature.py[line:290] - INFO: match img 0007, 0008
2022-04-12 16:25:52,631 - Align_Pcd_only_use_2D_feature.py[line:291] - INFO: Error
2022-04-12 16:25:52,631 - Align_Pcd_only_use_2D_feature.py[line:292] - INFO: s:1.0005423213734703
2022-04-12 16:25:52,631 - Align_Pcd_only_use_2D_feature.py[line:293] - INFO: R:0.0
2022-04-12 16:25:52,631 - Align_Pcd_only_use_2D_feature.py[line:294] - INFO: t:[0.02412507]
2022-04-12 16:25:54,929 - Align_Pcd_only_use_2D_feature.py[line:231] - INFO: ============== frame 0008 and 0009 ==============
2022-04-12 16:25:54,929 - Align_Pcd_only_use_2D_feature.py[line:232] - INFO: prefix:0008
2022-04-12 16:25:54,930 - Align_Pcd_only_use_2D_feature.py[line:233] - INFO: pose1:
{'rotation': array([[-0.16203314,  0.06249352, -0.98480446],
       [-0.73081283,  0.66299796,  0.16231545],
       [ 0.66306701,  0.74600822, -0.06175657]]), 'scale': 0.5340064014750571, 'translation': array([[ 0.27599756],
       [ 0.08910827],
       [-1.0735841 ]])}
2022-04-12 16:25:54,930 - Align_Pcd_only_use_2D_feature.py[line:234] - INFO: prefix:0009
2022-04-12 16:25:54,930 - Align_Pcd_only_use_2D_feature.py[line:235] - INFO: pose2:
{'rotation': array([[-0.16404991,  0.0539908 , -0.98497341],
       [-0.73938052,  0.65424231,  0.15900771],
       [ 0.65299623,  0.75435535, -0.06740865]]), 'scale': 0.5309709814128994, 'translation': array([[ 0.28101194],
       [ 0.09067779],
       [-1.07721563]])}
2022-04-12 16:25:54,930 - Align_Pcd_only_use_2D_feature.py[line:236] - INFO: pose_12:
{'rotation': array([[ 0.99427778, -0.00416701, -0.00762632],
       [ 0.00407525,  0.99423571, -0.01194021],
       [ 0.00767575,  0.01190849,  0.99421482]]), 'scale': 1.0, 'translation': array([[-0.00122248],
       [-0.0118604 ],
       [-0.01302204]])}
2022-04-12 16:25:54,931 - Align_Pcd_only_use_2D_feature.py[line:237] - INFO: pose_sift:
{'rotation': array([[ 9.99999563e-01,  6.34905212e-04, -6.85499577e-04],
       [-6.35496468e-04,  9.99999426e-01, -8.62645610e-04],
       [ 6.84951486e-04,  8.63080866e-04,  9.99999393e-01]]), 'scale': 1.0001137670720845, 'translation': array([[ 2.87969895e-03],
       [ 1.07032029e-03],
       [-4.90987976e-05]])}
2022-04-12 16:25:54,931 - Align_Pcd_only_use_2D_feature.py[line:238] - INFO: SIFT match Error:
{'translation': array([0.01877042]), 'scale': 1.0001137670720845, 'rotation': 0.13162111669607918}
2022-04-12 16:25:54,933 - Align_Pcd_only_use_2D_feature.py[line:290] - INFO: match img 0008, 0009
2022-04-12 16:25:54,933 - Align_Pcd_only_use_2D_feature.py[line:291] - INFO: Error
2022-04-12 16:25:54,933 - Align_Pcd_only_use_2D_feature.py[line:292] - INFO: s:1.0001137670720845
2022-04-12 16:25:54,934 - Align_Pcd_only_use_2D_feature.py[line:293] - INFO: R:0.13162111669607918
2022-04-12 16:25:54,934 - Align_Pcd_only_use_2D_feature.py[line:294] - INFO: t:[0.01877042]
2022-04-12 16:25:57,231 - Align_Pcd_only_use_2D_feature.py[line:231] - INFO: ============== frame 0009 and 0010 ==============
2022-04-12 16:25:57,231 - Align_Pcd_only_use_2D_feature.py[line:232] - INFO: prefix:0009
2022-04-12 16:25:57,232 - Align_Pcd_only_use_2D_feature.py[line:233] - INFO: pose1:
{'rotation': array([[-0.16485471,  0.05846412, -0.9845836 ],
       [-0.73686181,  0.65626105,  0.16234565],
       [ 0.65563527,  0.7522655 , -0.06510775]]), 'scale': 0.5323654185666883, 'translation': array([[ 0.28143749],
       [ 0.09085153],
       [-1.07783889]])}
2022-04-12 16:25:57,232 - Align_Pcd_only_use_2D_feature.py[line:234] - INFO: prefix:0010
2022-04-12 16:25:57,232 - Align_Pcd_only_use_2D_feature.py[line:235] - INFO: pose2:
{'rotation': array([[-0.16283911,  0.05478413, -0.98513051],
       [-0.73007396,  0.66493337,  0.15765666],
       [ 0.66368324,  0.7448908 , -0.06828069]]), 'scale': 0.5347890218547038, 'translation': array([[ 0.28556302],
       [ 0.08840793],
       [-1.08097391]])}
2022-04-12 16:25:57,232 - Align_Pcd_only_use_2D_feature.py[line:236] - INFO: pose_12:
{'rotation': array([[ 1.00454353, -0.00400721, -0.00141765],
       [ 0.00402295,  1.00448056,  0.01133088],
       [ 0.00137235, -0.01133646,  1.00448761]]), 'scale': 1.0, 'translation': array([[0.00168287],
       [0.00822999],
       [0.0023456 ]])}
2022-04-12 16:25:57,233 - Align_Pcd_only_use_2D_feature.py[line:237] - INFO: pose_sift:
{'rotation': array([[ 9.99999996e-01,  8.79617104e-05,  2.80480856e-05],
       [-8.80002389e-05,  9.99999049e-01,  1.37663166e-03],
       [-2.79269681e-05, -1.37663412e-03,  9.99999052e-01]]), 'scale': 0.9991141635198472, 'translation': array([[ 0.00396424],
       [-0.00217942],
       [-0.00096081]])}
2022-04-12 16:25:57,233 - Align_Pcd_only_use_2D_feature.py[line:238] - INFO: SIFT match Error:
{'translation': array([0.01115763]), 'scale': 0.9991141635198472, 'rotation': 0.0}
2022-04-12 16:25:57,235 - Align_Pcd_only_use_2D_feature.py[line:290] - INFO: match img 0009, 0010
2022-04-12 16:25:57,235 - Align_Pcd_only_use_2D_feature.py[line:291] - INFO: Error
2022-04-12 16:25:57,235 - Align_Pcd_only_use_2D_feature.py[line:292] - INFO: s:0.9991141635198472
2022-04-12 16:25:57,235 - Align_Pcd_only_use_2D_feature.py[line:293] - INFO: R:0.0
2022-04-12 16:25:57,236 - Align_Pcd_only_use_2D_feature.py[line:294] - INFO: t:[0.01115763]
2022-04-12 16:25:59,561 - Align_Pcd_only_use_2D_feature.py[line:231] - INFO: ============== frame 0010 and 0011 ==============
2022-04-12 16:25:59,561 - Align_Pcd_only_use_2D_feature.py[line:232] - INFO: prefix:0010
2022-04-12 16:25:59,562 - Align_Pcd_only_use_2D_feature.py[line:233] - INFO: pose1:
{'rotation': array([[-0.17939142,  0.03421963, -0.98318245],
       [-0.75641456,  0.63419922,  0.16008864],
       [ 0.62901172,  0.77241205, -0.08788567]]), 'scale': 0.5325587667260988, 'translation': array([[ 0.28235896],
       [ 0.08500133],
       [-1.07914759]])}
2022-04-12 16:25:59,562 - Align_Pcd_only_use_2D_feature.py[line:234] - INFO: prefix:0011
2022-04-12 16:25:59,562 - Align_Pcd_only_use_2D_feature.py[line:235] - INFO: pose2:
{'rotation': array([[-0.16597261,  0.05197459, -0.98475973],
       [-0.73742414,  0.65646452,  0.15893388],
       [ 0.65472035,  0.75256427, -0.07062781]]), 'scale': 0.530920629980449, 'translation': array([[ 0.28862399],
       [ 0.08330832],
       [-1.08021487]])}
2022-04-12 16:25:59,562 - Align_Pcd_only_use_2D_feature.py[line:236] - INFO: pose_12:
{'rotation': array([[ 9.96675897e-01,  8.54858897e-04,  2.22247745e-02],
       [-1.50482307e-03,  9.96496489e-01,  2.91547162e-02],
       [-2.21902432e-02, -2.91810072e-02,  9.96249756e-01]]), 'scale': 1.0, 'translation': array([[0.03111477],
       [0.03049193],
       [0.00363169]])}
2022-04-12 16:25:59,563 - Align_Pcd_only_use_2D_feature.py[line:237] - INFO: pose_sift:
{'rotation': array([[ 9.99999842e-01,  4.63019030e-04, -3.19165855e-04],
       [-4.62561149e-04,  9.99998866e-01,  1.43320056e-03],
       [ 3.19829092e-04, -1.43305270e-03,  9.99998922e-01]]), 'scale': 0.9994082046577294, 'translation': array([[ 0.00353511],
       [-0.00201861],
       [-0.00073784]])}
2022-04-12 16:25:59,563 - Align_Pcd_only_use_2D_feature.py[line:238] - INFO: SIFT match Error:
{'translation': array([0.04285634]), 'scale': 0.9994082046577294, 'rotation': 0.10324820069522787}
2022-04-12 16:25:59,565 - Align_Pcd_only_use_2D_feature.py[line:290] - INFO: match img 0010, 0011
2022-04-12 16:25:59,565 - Align_Pcd_only_use_2D_feature.py[line:291] - INFO: Error
2022-04-12 16:25:59,565 - Align_Pcd_only_use_2D_feature.py[line:292] - INFO: s:0.9994082046577294
2022-04-12 16:25:59,565 - Align_Pcd_only_use_2D_feature.py[line:293] - INFO: R:0.10324820069522787
2022-04-12 16:25:59,565 - Align_Pcd_only_use_2D_feature.py[line:294] - INFO: t:[0.04285634]
2022-04-12 16:26:01,939 - Align_Pcd_only_use_2D_feature.py[line:231] - INFO: ============== frame 0011 and 0012 ==============
2022-04-12 16:26:01,939 - Align_Pcd_only_use_2D_feature.py[line:232] - INFO: prefix:0011
2022-04-12 16:26:01,940 - Align_Pcd_only_use_2D_feature.py[line:233] - INFO: pose1:
{'rotation': array([[-0.16176889,  0.0619155 , -0.98488441],
       [-0.72791502,  0.66638747,  0.16145419],
       [ 0.66631115,  0.74303042, -0.06273154]]), 'scale': 0.5316407140181255, 'translation': array([[ 0.28810885],
       [ 0.08367492],
       [-1.07755162]])}
2022-04-12 16:26:01,940 - Align_Pcd_only_use_2D_feature.py[line:234] - INFO: prefix:0012
2022-04-12 16:26:01,940 - Align_Pcd_only_use_2D_feature.py[line:235] - INFO: pose2:
{'rotation': array([[-0.17820626,  0.03556388, -0.98335026],
       [-0.75183707,  0.63979375,  0.15938941],
       [ 0.63480986,  0.76772337, -0.087277  ]]), 'scale': 0.5293985808570035, 'translation': array([[ 0.29072838],
       [ 0.08095168],
       [-1.08048217]])}
2022-04-12 16:26:01,940 - Align_Pcd_only_use_2D_feature.py[line:236] - INFO: pose_12:
{'rotation': array([[ 0.99530118, -0.00532513, -0.03049952],
       [ 0.0042389 ,  0.99514345, -0.03541993],
       [ 0.03066936,  0.03527298,  0.99468499]]), 'scale': 1.0, 'translation': array([[-0.02844593],
       [-0.04170493],
       [-0.02044533]])}
2022-04-12 16:26:01,941 - Align_Pcd_only_use_2D_feature.py[line:237] - INFO: pose_sift:
{'rotation': array([[ 9.99971512e-01, -7.53381790e-03,  4.66379321e-04],
       [ 7.53275374e-03,  9.99969113e-01,  2.24293303e-03],
       [-4.83262765e-04, -2.23935601e-03,  9.99997376e-01]]), 'scale': 0.9960535670796983, 'translation': array([[ 0.00707964],
       [-0.00044521],
       [-0.00417681]])}
2022-04-12 16:26:01,941 - Align_Pcd_only_use_2D_feature.py[line:238] - INFO: SIFT match Error:
{'translation': array([0.05682513]), 'scale': 0.9960535670796983, 'rotation': 0.12179897574164335}
2022-04-12 16:26:01,943 - Align_Pcd_only_use_2D_feature.py[line:290] - INFO: match img 0011, 0012
2022-04-12 16:26:01,943 - Align_Pcd_only_use_2D_feature.py[line:291] - INFO: Error
2022-04-12 16:26:01,943 - Align_Pcd_only_use_2D_feature.py[line:292] - INFO: s:0.9960535670796983
2022-04-12 16:26:01,943 - Align_Pcd_only_use_2D_feature.py[line:293] - INFO: R:0.12179897574164335
2022-04-12 16:26:01,943 - Align_Pcd_only_use_2D_feature.py[line:294] - INFO: t:[0.05682513]
2022-04-12 16:26:04,359 - Align_Pcd_only_use_2D_feature.py[line:231] - INFO: ============== frame 0012 and 0013 ==============
2022-04-12 16:26:04,359 - Align_Pcd_only_use_2D_feature.py[line:232] - INFO: prefix:0012
2022-04-12 16:26:04,360 - Align_Pcd_only_use_2D_feature.py[line:233] - INFO: pose1:
{'rotation': array([[-0.18975306,  0.03028947, -0.98136452],
       [-0.75281271,  0.63716019,  0.16522684],
       [ 0.63029104,  0.77013599, -0.0981008 ]]), 'scale': 0.5293256880356699, 'translation': array([[ 0.2891351 ],
       [ 0.0812873 ],
       [-1.08194004]])}
2022-04-12 16:26:04,360 - Align_Pcd_only_use_2D_feature.py[line:234] - INFO: prefix:0013
2022-04-12 16:26:04,360 - Align_Pcd_only_use_2D_feature.py[line:235] - INFO: pose2:
{'rotation': array([[-0.16520194,  0.04229531, -0.98535244],
       [-0.766267  ,  0.6234882 ,  0.15523321],
       [ 0.62092126,  0.78068788, -0.07059196]]), 'scale': 0.5331000022877849, 'translation': array([[ 0.30503652],
       [ 0.0822978 ],
       [-1.07787109]])}
2022-04-12 16:26:04,361 - Align_Pcd_only_use_2D_feature.py[line:236] - INFO: pose_12:
{'rotation': array([[ 1.0067463 , -0.0115736 ,  0.02529075],
       [ 0.01203145,  1.00689484, -0.01815758],
       [-0.02507617,  0.01845278,  1.00664908]]), 'scale': 1.0, 'translation': array([[ 0.04225469],
       [-0.02267409],
       [ 0.01701328]])}
2022-04-12 16:26:04,361 - Align_Pcd_only_use_2D_feature.py[line:237] - INFO: pose_sift:
{'rotation': array([[ 0.99984474, -0.00349491, -0.01727085],
       [ 0.00326595,  0.99990664, -0.01326796],
       [ 0.0173156 ,  0.01320949,  0.99976281]]), 'scale': 0.9985618308152839, 'translation': array([[-0.00574681],
       [-0.01186005],
       [-0.00462799]])}
2022-04-12 16:26:04,361 - Align_Pcd_only_use_2D_feature.py[line:238] - INFO: SIFT match Error:
{'translation': array([0.05375343]), 'scale': 0.9985618308152839, 'rotation': 0.0}
2022-04-12 16:26:04,364 - Align_Pcd_only_use_2D_feature.py[line:290] - INFO: match img 0012, 0013
2022-04-12 16:26:04,364 - Align_Pcd_only_use_2D_feature.py[line:291] - INFO: Error
2022-04-12 16:26:04,364 - Align_Pcd_only_use_2D_feature.py[line:292] - INFO: s:0.9985618308152839
2022-04-12 16:26:04,364 - Align_Pcd_only_use_2D_feature.py[line:293] - INFO: R:0.0
2022-04-12 16:26:04,364 - Align_Pcd_only_use_2D_feature.py[line:294] - INFO: t:[0.05375343]
2022-04-12 16:26:06,702 - Align_Pcd_only_use_2D_feature.py[line:231] - INFO: ============== frame 0013 and 0014 ==============
2022-04-12 16:26:06,702 - Align_Pcd_only_use_2D_feature.py[line:232] - INFO: prefix:0013
2022-04-12 16:26:06,703 - Align_Pcd_only_use_2D_feature.py[line:233] - INFO: pose1:
{'rotation': array([[-0.15173122,  0.06446618, -0.98631727],
       [-0.73519199,  0.65961399,  0.15621178],
       [ 0.66065904,  0.74883476, -0.05268902]]), 'scale': 0.533256236382967, 'translation': array([[ 0.30707739],
       [ 0.08627608],
       [-1.07848755]])}
2022-04-12 16:26:06,703 - Align_Pcd_only_use_2D_feature.py[line:234] - INFO: prefix:0014
2022-04-12 16:26:06,703 - Align_Pcd_only_use_2D_feature.py[line:235] - INFO: pose2:
{'rotation': array([[-0.17117194,  0.03218932, -0.9847152 ],
       [-0.75472029,  0.63818254,  0.1520537 ],
       [ 0.63332255,  0.76921187, -0.08494501]]), 'scale': 0.5325157482502815, 'translation': array([[ 0.31816731],
       [ 0.07469063],
       [-1.07704524]])}
2022-04-12 16:26:06,704 - Align_Pcd_only_use_2D_feature.py[line:236] - INFO: pose_12:
{'rotation': array([[ 0.99790122, -0.00673798, -0.03704661],
       [ 0.00567474,  0.998183  , -0.02869119],
       [ 0.03722431,  0.02846026,  0.99751143]]), 'scale': 1.0, 'translation': array([[-0.02763858],
       [-0.04411436],
       [-0.01512777]])}
2022-04-12 16:26:06,704 - Align_Pcd_only_use_2D_feature.py[line:237] - INFO: pose_sift:
{'rotation': array([[ 9.99999912e-01,  3.98694239e-04, -1.28683770e-04],
       [-3.98290009e-04,  9.99995034e-01,  3.12615428e-03],
       [ 1.29929511e-04, -3.12610275e-03,  9.99995105e-01]]), 'scale': 0.9989907488207463, 'translation': array([[ 0.01493383],
       [-0.00385693],
       [-0.00118432]])}
2022-04-12 16:26:06,704 - Align_Pcd_only_use_2D_feature.py[line:238] - INFO: SIFT match Error:
{'translation': array([0.06022866]), 'scale': 0.9989907488207463, 'rotation': 0.07901589543303367}
2022-04-12 16:26:06,706 - Align_Pcd_only_use_2D_feature.py[line:290] - INFO: match img 0013, 0014
2022-04-12 16:26:06,707 - Align_Pcd_only_use_2D_feature.py[line:291] - INFO: Error
2022-04-12 16:26:06,707 - Align_Pcd_only_use_2D_feature.py[line:292] - INFO: s:0.9989907488207463
2022-04-12 16:26:06,707 - Align_Pcd_only_use_2D_feature.py[line:293] - INFO: R:0.07901589543303367
2022-04-12 16:26:06,707 - Align_Pcd_only_use_2D_feature.py[line:294] - INFO: t:[0.06022866]
2022-04-12 16:26:09,041 - Align_Pcd_only_use_2D_feature.py[line:231] - INFO: ============== frame 0014 and 0015 ==============
2022-04-12 16:26:09,042 - Align_Pcd_only_use_2D_feature.py[line:232] - INFO: prefix:0014
2022-04-12 16:26:09,042 - Align_Pcd_only_use_2D_feature.py[line:233] - INFO: pose1:
{'rotation': array([[-0.17878854,  0.03206265, -0.98336496],
       [-0.75664077,  0.63439044,  0.15825146],
       [ 0.62891129,  0.77234756, -0.08916183]]), 'scale': 0.5323202894026171, 'translation': array([[ 0.31758921],
       [ 0.07467946],
       [-1.07848544]])}
2022-04-12 16:26:09,042 - Align_Pcd_only_use_2D_feature.py[line:234] - INFO: prefix:0015
2022-04-12 16:26:09,042 - Align_Pcd_only_use_2D_feature.py[line:235] - INFO: pose2:
{'rotation': array([[-0.15575632,  0.05448662, -0.98629163],
       [-0.73977554,  0.65522213,  0.15302326],
       [ 0.65457782,  0.75346876, -0.06174712]]), 'scale': 0.5306861337403076, 'translation': array([[ 0.32527833],
       [ 0.0810111 ],
       [-1.07483381]])}
2022-04-12 16:26:09,043 - Align_Pcd_only_use_2D_feature.py[line:236] - INFO: pose_12:
{'rotation': array([[ 0.99641078, -0.00365346,  0.03196683],
       [ 0.00278526,  0.99655841,  0.02707881],
       [-0.03205414, -0.02697539,  0.99604947]]), 'scale': 1.0, 'translation': array([[0.04357761],
       [0.03490818],
       [0.01158559]])}
2022-04-12 16:26:09,043 - Align_Pcd_only_use_2D_feature.py[line:237] - INFO: pose_sift:
{'rotation': array([[ 9.99999557e-01,  6.47194694e-04, -6.83641781e-04],
       [-6.47704737e-04,  9.99999512e-01, -7.46109524e-04],
       [ 6.83158569e-04,  7.46551991e-04,  9.99999488e-01]]), 'scale': 1.0004866277509648, 'translation': array([[0.00465337],
       [0.00309674],
       [0.00030642]])}
2022-04-12 16:26:09,043 - Align_Pcd_only_use_2D_feature.py[line:238] - INFO: SIFT match Error:
{'translation': array([0.05151975]), 'scale': 1.0004866277509648, 'rotation': 0.1044242411617769}
2022-04-12 16:26:09,045 - Align_Pcd_only_use_2D_feature.py[line:290] - INFO: match img 0014, 0015
2022-04-12 16:26:09,045 - Align_Pcd_only_use_2D_feature.py[line:291] - INFO: Error
2022-04-12 16:26:09,045 - Align_Pcd_only_use_2D_feature.py[line:292] - INFO: s:1.0004866277509648
2022-04-12 16:26:09,045 - Align_Pcd_only_use_2D_feature.py[line:293] - INFO: R:0.1044242411617769
2022-04-12 16:26:09,046 - Align_Pcd_only_use_2D_feature.py[line:294] - INFO: t:[0.05151975]
2022-04-12 16:26:11,460 - Align_Pcd_only_use_2D_feature.py[line:231] - INFO: ============== frame 0015 and 0016 ==============
2022-04-12 16:26:11,460 - Align_Pcd_only_use_2D_feature.py[line:232] - INFO: prefix:0015
2022-04-12 16:26:11,460 - Align_Pcd_only_use_2D_feature.py[line:233] - INFO: pose1:
{'rotation': array([[-0.16782106,  0.04517687, -0.98478177],
       [-0.73905938,  0.65532608,  0.1560095 ],
       [ 0.6524012 ,  0.75399389, -0.07658913]]), 'scale': 0.5337014580527982, 'translation': array([[ 0.323441  ],
       [ 0.08048166],
       [-1.0736567 ]])}
2022-04-12 16:26:11,461 - Align_Pcd_only_use_2D_feature.py[line:234] - INFO: prefix:0016
2022-04-12 16:26:11,461 - Align_Pcd_only_use_2D_feature.py[line:235] - INFO: pose2:
{'rotation': array([[-0.15292367,  0.05663753, -0.98661367],
       [-0.73591263,  0.65980765,  0.15194229],
       [ 0.65958089,  0.74929704, -0.05921994]]), 'scale': 0.5338025695861768, 'translation': array([[ 0.3263658 ],
       [ 0.07786976],
       [-1.07602486]])}
2022-04-12 16:26:11,461 - Align_Pcd_only_use_2D_feature.py[line:236] - INFO: pose_12:
{'rotation': array([[ 1.0000111 , -0.0037861 ,  0.01850415],
       [ 0.00368039,  1.00016618,  0.00574461],
       [-0.01852546, -0.0056755 ,  1.00000177]]), 'scale': 1.0, 'translation': array([[0.02309302],
       [0.00235207],
       [0.00408241]])}
2022-04-12 16:26:11,461 - Align_Pcd_only_use_2D_feature.py[line:237] - INFO: pose_sift:
{'rotation': array([[ 9.99995760e-01, -2.87436328e-03, -4.66842339e-04],
       [ 2.87467047e-03,  9.99995651e-01,  6.58681885e-04],
       [ 4.64947018e-04, -6.60021110e-04,  9.99999674e-01]]), 'scale': 0.9962686633758117, 'translation': array([[ 0.0002974 ],
       [-0.00358507],
       [-0.00424201]])}
2022-04-12 16:26:11,462 - Align_Pcd_only_use_2D_feature.py[line:238] - INFO: SIFT match Error:
{'translation': array([0.02498371]), 'scale': 0.9962686633758117, 'rotation': 0.0}
2022-04-12 16:26:11,464 - Align_Pcd_only_use_2D_feature.py[line:290] - INFO: match img 0015, 0016
2022-04-12 16:26:11,464 - Align_Pcd_only_use_2D_feature.py[line:291] - INFO: Error
2022-04-12 16:26:11,464 - Align_Pcd_only_use_2D_feature.py[line:292] - INFO: s:0.9962686633758117
2022-04-12 16:26:11,464 - Align_Pcd_only_use_2D_feature.py[line:293] - INFO: R:0.0
2022-04-12 16:26:11,464 - Align_Pcd_only_use_2D_feature.py[line:294] - INFO: t:[0.02498371]
2022-04-12 16:26:13,831 - Align_Pcd_only_use_2D_feature.py[line:231] - INFO: ============== frame 0016 and 0017 ==============
2022-04-12 16:26:13,831 - Align_Pcd_only_use_2D_feature.py[line:232] - INFO: prefix:0016
2022-04-12 16:26:13,831 - Align_Pcd_only_use_2D_feature.py[line:233] - INFO: pose1:
{'rotation': array([[-0.16897001,  0.03559592, -0.98497821],
       [-0.73036437,  0.66652364,  0.14937914],
       [ 0.66182855,  0.74463358, -0.08662451]]), 'scale': 0.5330570948709674, 'translation': array([[ 0.32466849],
       [ 0.07907445],
       [-1.07518101]])}
2022-04-12 16:26:13,831 - Align_Pcd_only_use_2D_feature.py[line:234] - INFO: prefix:0017
2022-04-12 16:26:13,832 - Align_Pcd_only_use_2D_feature.py[line:235] - INFO: pose2:
{'rotation': array([[-0.15008278,  0.04965479, -0.98742572],
       [-0.72580241,  0.67263203,  0.14414233],
       [ 0.67133153,  0.73830925, -0.06491092]]), 'scale': 0.5332294829159442, 'translation': array([[ 0.3270558 ],
       [ 0.06582272],
       [-1.07908806]])}
2022-04-12 16:26:13,832 - Align_Pcd_only_use_2D_feature.py[line:236] - INFO: pose_12:
{'rotation': array([[ 1.00004312, -0.00479114,  0.02318833],
       [ 0.00460622,  1.00028061,  0.00802397],
       [-0.02322577, -0.00791495,  1.00002241]]), 'scale': 1.0, 'translation': array([[ 0.02768381],
       [-0.00614218],
       [ 0.00428358]])}
2022-04-12 16:26:13,832 - Align_Pcd_only_use_2D_feature.py[line:237] - INFO: pose_sift:
{'rotation': array([[ 9.99999674e-01, -3.16510443e-04,  7.43319524e-04],
       [ 3.12527136e-04,  9.99985625e-01,  5.35282529e-03],
