2022-04-12 16:02:24,320 - utils.py[line:81] - INFO: program start
2022-04-12 16:02:49,959 - Align_Pcd_only_use_2D_feature.py[line:230] - INFO: ============== frame 0000 and 0001 ==============
2022-04-12 16:02:49,959 - Align_Pcd_only_use_2D_feature.py[line:231] - INFO: prefix:0000
2022-04-12 16:02:49,960 - Align_Pcd_only_use_2D_feature.py[line:232] - INFO: pose1:
{'rotation': array([[-0.15923319,  0.05560449, -0.98567385],
       [-0.74242707,  0.65134703,  0.15668149],
       [ 0.65072793,  0.75673984, -0.06243378]]), 'scale': 0.5341834966656156, 'translation': array([[ 0.27586803],
       [ 0.10476504],
       [-1.07295223]])}
2022-04-12 16:02:49,961 - Align_Pcd_only_use_2D_feature.py[line:233] - INFO: prefix:0001
2022-04-12 16:02:49,962 - Align_Pcd_only_use_2D_feature.py[line:234] - INFO: pose2:
{'rotation': array([[-0.15454987,  0.05316842, -0.98655332],
       [-0.74270097,  0.65225967,  0.15150114],
       [ 0.65154402,  0.75612859, -0.06131841]]), 'scale': 0.5325578406440968, 'translation': array([[ 0.26913632],
       [ 0.09452764],
       [-1.07754136]])}
2022-04-12 16:02:49,963 - Align_Pcd_only_use_2D_feature.py[line:235] - INFO: pose_12:
{'rotation': array([[ 9.96942469e-01, -5.18572010e-03,  1.25517253e-03],
       [ 5.18467331e-03,  9.96942916e-01,  8.33279701e-04],
       [-1.25948946e-03, -8.26740243e-04,  9.96955608e-01]]), 'scale': 1.0, 'translation': array([[-0.00399821],
       [-0.01045334],
       [-0.00742156]])}
2022-04-12 16:02:49,963 - Align_Pcd_only_use_2D_feature.py[line:236] - INFO: pose_sift:
{'rotation': array([[ 0.99988479,  0.00119879,  0.01513146],
       [-0.0013492 ,  0.99994975,  0.00993379],
       [-0.0151188 , -0.00995306,  0.99983617]]), 'scale': 1.00224872959974, 'translation': array([[8.73265272e-03],
       [9.67372985e-05],
       [4.40822068e-03]])}
2022-04-12 16:02:49,964 - Align_Pcd_only_use_2D_feature.py[line:237] - INFO: SIFT match Error:
{'translation': array([0.02033034]), 'scale': 1.00224872959974, 'rotation': 0.09765346293254802}
