2022-04-12 16:24:52,184 - utils.py[line:81] - INFO: program start
2022-04-12 16:24:54,482 - Align_Pcd_only_use_2D_feature.py[line:231] - INFO: ============== frame 0000 and 0001 ==============
2022-04-12 16:24:54,482 - Align_Pcd_only_use_2D_feature.py[line:232] - INFO: prefix:0000
2022-04-12 16:24:54,483 - Align_Pcd_only_use_2D_feature.py[line:233] - INFO: pose1:
{'rotation': array([[-0.16660563,  0.04747958, -0.98487982],
       [-0.73553091,  0.65923746,  0.15620577],
       [ 0.65668626,  0.75043431, -0.07490997]]), 'scale': 0.5345980436991509, 'translation': array([[ 0.27447186],
       [ 0.10520383],
       [-1.07135586]])}
2022-04-12 16:24:54,484 - Align_Pcd_only_use_2D_feature.py[line:234] - INFO: prefix:0001
2022-04-12 16:24:54,484 - Align_Pcd_only_use_2D_feature.py[line:235] - INFO: pose2:
{'rotation': array([[-0.17478917,  0.03068667, -0.98412757],
       [-0.76117792,  0.62979048,  0.15482935],
       [ 0.62454537,  0.77615867, -0.08672254]]), 'scale': 0.535415600331512, 'translation': array([[ 0.26638614],
       [ 0.09106474],
       [-1.07768162]])}
2022-04-12 16:24:54,484 - Align_Pcd_only_use_2D_feature.py[line:236] - INFO: pose_12:
{'rotation': array([[ 1.00135426, -0.00494131, -0.01805992],
       [ 0.00423688,  1.00076473, -0.03889635],
       [ 0.01823804,  0.03881315,  1.00061073]]), 'scale': 1.0, 'translation': array([[-0.02728619],
       [-0.05705428],
       [-0.01476057]])}
2022-04-12 16:24:54,485 - Align_Pcd_only_use_2D_feature.py[line:237] - INFO: pose_sift:
{'rotation': array([[ 9.99989450e-01, -4.58685519e-03,  2.45288838e-04],
       [ 4.58683927e-03,  9.99989478e-01,  6.54111370e-05],
       [-2.45586289e-04, -6.42853465e-05,  9.99999968e-01]]), 'scale': 0.9997084141627482, 'translation': array([[-0.0058583 ],
       [-0.01054515],
       [-0.00423705]])}
2022-04-12 16:24:54,485 - Align_Pcd_only_use_2D_feature.py[line:238] - INFO: SIFT match Error:
{'translation': array([0.05227808]), 'scale': 0.9997084141627482, 'rotation': 0.0}
